773 36 803 52
698 107 732 125
557 343 582 364
25 463 56 520
123 191 152 221
48 474 133 515
700 0 771 45
0 459 31 485
345 273 367 296
846 6 875 37
288 501 338 629
212 518 253 548
162 396 236 409
545 391 581 432
366 221 410 245
516 0 548 74
683 30 703 63
17 379 45 431
542 356 564 385
680 603 703 624
545 21 557 60
34 282 70 350
515 381 555 417
281 568 325 625
300 480 362 620
524 455 551 471
774 425 810 464
0 509 32 579
223 497 260 512
563 597 586 620
181 305 242 346
492 543 526 565
898 550 951 573
708 367 733 390
681 404 701 517
5 461 44 519
417 262 459 290
54 470 149 529
941 12 960 54
761 13 788 29
813 490 928 604
276 413 315 474
300 430 357 446
631 443 692 519
349 216 482 284
188 384 241 398
58 343 278 440
203 518 243 547
557 422 598 456
115 383 140 405
